1745006151730 0.7783331011414365 0
1745006151737 0.9879639408647978 1
1745006151743 0.8446612641953124 2
1745006151750 0.8056937753654446 3
1745006151756 0.6053059844639466 4
1745006151762 0.8736932106048627 5
1745006151768 0.7564242430292963 6
1745006151774 0.6125253169822235 7
1745006151780 0.6783931449676581 8
1745006151786 0.7427013306774357 9
1745006151792 0.9947547746402069 10
1745006151798 0.88453678109946 11
1745006151805 0.9452413703502374 12
1745006151811 0.8918424713352255 13
1745006151817 0.8886918084659492 14
1745006151823 0.9583054382694077 15
1745006151829 0.7641531692142519 16
1745006151835 0.9521871356061031 17
1745006151841 0.9533121035675474 18
1745006151847 0.6911740650167767 19
1745006151853 0.8136357677501768 20
1745006151859 0.8075162486973464 21
1745006151865 0.8849082359697769 22
1745006151871 0.6205915004999957 23
1745006151877 0.7791132658292367 24
1745006151883 0.7471132530877013 25
1745006151889 0.8032795106962874 26
1745006151896 0.8048372233197124 27
1745006151902 0.8071005402109921 28
1745006151908 0.9509357413523924 29
1745006151914 0.7043316699321636 30
1745006151920 0.7115485410368727 31
1745006151926 0.8568126584617151 32
1745006151932 0.6405886171464128 33
1745006151938 0.7793696571944989 34
1745006151944 0.8985965620472096 35
1745006151950 0.7060809470726902 36
1745006151956 0.7737577462041715 37
1745006151962 0.7996773519539009 38
1745006151968 0.7480634801021777 39
1745006151975 0.941203782186944 40
1745006151981 0.7578765867237889 41
1745006151986 0.6560336060946096 42
1745006151992 0.8835643987640474 43
1745006151998 0.9652962210225885 44
1745006152004 0.9183170677744404 45
1745006152010 0.6143769095186968 46
1745006152016 0.6149392754996857 47
1745006152022 0.7086171663278967 48
1745006152028 0.6553412369671205 49
