1745006151729 152.0 0
1745006151736 102.0 1
1745006151742 253.0 2
1745006151749 157.0 3
1745006151755 216.0 4
1745006151761 179.0 5
1745006151767 255.0 6
1745006151773 103.0 7
1745006151780 255.0 8
1745006151786 73.0 9
1745006151792 138.0 10
1745006151798 130.0 11
1745006151804 77.0 12
1745006151810 86.0 13
1745006151816 50.0 14
1745006151822 112.0 15
1745006151828 280.0 16
1745006151834 135.0 17
1745006151840 79.0 18
1745006151846 178.0 19
1745006151852 249.0 20
1745006151858 209.0 21
1745006151864 179.0 22
1745006151870 269.0 23
1745006151876 221.0 24
1745006151882 87.0 25
1745006151888 173.0 26
1745006151895 139.0 27
1745006151901 177.0 28
1745006151907 208.0 29
1745006151913 109.0 30
1745006151919 58.0 31
1745006151925 210.0 32
1745006151931 161.0 33
1745006151937 103.0 34
1745006151943 97.0 35
1745006151949 263.0 36
1745006151955 76.0 37
1745006151961 110.0 38
1745006151967 55.0 39
1745006151974 237.0 40
1745006151980 74.0 41
1745006151985 200.0 42
1745006151991 92.0 43
1745006151997 201.0 44
1745006152003 287.0 45
1745006152009 240.0 46
1745006152015 98.0 47
1745006152021 102.0 48
1745006152027 104.0 49
