1745006151728 5.0 0
1745006151735 6.0 1
1745006151742 1.0 2
1745006151748 3.0 3
1745006151754 9.0 4
1745006151760 5.0 5
1745006151766 3.0 6
1745006151772 4.0 7
1745006151779 8.0 8
1745006151785 5.0 9
1745006151791 1.0 10
1745006151797 3.0 11
1745006151803 9.0 12
1745006151809 8.0 13
1745006151815 3.0 14
1745006151821 3.0 15
1745006151827 7.0 16
1745006151833 3.0 17
1745006151839 4.0 18
1745006151845 1.0 19
1745006151851 6.0 20
1745006151857 6.0 21
1745006151863 7.0 22
1745006151869 2.0 23
1745006151875 5.0 24
1745006151881 1.0 25
1745006151887 9.0 26
1745006151894 3.0 27
1745006151900 8.0 28
1745006151906 7.0 29
1745006151912 4.0 30
1745006151918 7.0 31
1745006151924 8.0 32
1745006151930 3.0 33
1745006151936 2.0 34
1745006151942 5.0 35
1745006151949 3.0 36
1745006151954 8.0 37
1745006151961 5.0 38
1745006151967 5.0 39
1745006151973 3.0 40
1745006151979 2.0 41
1745006151985 6.0 42
1745006151990 9.0 43
1745006151996 9.0 44
1745006152002 8.0 45
1745006152008 7.0 46
1745006152014 6.0 47
1745006152020 8.0 48
1745006152026 3.0 49
