1745006151724 0.749816047538945 0
1745006151731 0.6399899663272012 1
1745006151738 0.9329770563201687 2
1745006151744 0.6028265220878869 3
1745006151750 0.836965827544817 4
1745006151757 0.9768807022739411 5
1745006151763 0.7760609974958406 6
1745006151769 0.672894435115225 7
1745006151775 0.9369139098379994 8
1745006151781 0.6180909155642152 9
1745006151787 0.7123738038749523 10
1745006151793 0.908897907718663 11
1745006151799 0.9160702162124823 12
1745006151806 0.8493192507310232 13
1745006151812 0.8550229885420852 14
1745006151818 0.6943939678995823 15
1745006151824 0.7901480892728447 16
1745006151829 0.9022204554172195 17
1745006151835 0.8497416192535173 18
1745006151841 0.7297380084021096 19
1745006151847 0.7708431154505025 20
1745006151854 0.7939319885435933 21
1745006151860 0.881207583558071 22
1745006151866 0.6592347719813599 23
1745006151872 0.7114585856946446 24
1745006151878 0.8211572356285312 25
1745006151884 0.8529223322374317 26
1745006151890 0.8783251227163527 27
1745006151896 0.6905983100791752 28
1745006151903 0.9350840423629312 29
1745006151908 0.7031766510860622 30
1745006151914 0.9985014799031697 31
1745006151921 0.8801431319891084 32
1745006151927 0.6336559859980195 33
1745006151933 0.8654007076432223 34
1745006151939 0.9977829850443283 35
1745006151945 0.8598531596188859 36
1745006151951 0.6975958573516334 37
1745006151957 0.7400313630778703 38
1745006151963 0.8288016796836732 39
1745006151969 0.606182646611547 40
1745006151975 0.7177795568278342 41
1745006151981 0.9376852562905246 42
1745006151987 0.8073318609454947 43
1745006151993 0.8211279907631631 44
1745006151999 0.8045369595443751 45
1745006152005 0.9560021367270265 46
1745006152010 0.786239207252984 47
1745006152016 0.9290402242638633 48
1745006152023 0.9861007321563079 49
