1745006151725 0.19014286128198324 0
1745006151732 0.09184977839317343 1
1745006151739 0.04246782213565523 2
1745006151745 0.0046124850082831514 3
1745006151751 0.009290082543999545 4
1745006151758 0.11265764356910786 5
1745006151764 0.024407646968955768 6
1745006151770 0.15107228206353052 7
1745006151776 0.08995082667395314 8
1745006151782 0.06506606615265287 9
1745006151788 0.1085392166316497 10
1745006151794 0.03974313630683449 11
1745006151800 0.12119199495620228 12
1745006151807 0.06617960497052984 13
1745006151813 0.1774425485152653 14
1745006151818 0.051213664552264795 15
1745006151824 0.11265511439527674 16
1745006151830 0.045759633098324495 17
1745006151836 0.0591267371675428 18
1745006151842 0.02441759094013467 19
1745006151848 0.16360295318449863 20
1745006151854 0.13848720657805408 21
1745006151861 0.0727259204758588 22
1745006151867 0.19954809700978837 23
1745006151873 0.18165317719333074 24
1745006151879 0.11853934477587871 25
1745006151885 0.12670594215217895 26
1745006151891 0.17167176096274397 27
1745006151897 0.12903455808189 28
1745006151903 0.13513802340785616 29
1745006151909 0.13199680920683582 30
1745006151915 0.19308387025775875 31
1745006151922 0.1693322284476612 32
1745006151928 0.032325742818922754 33
1745006151934 0.0010123167692437374 34
1745006151940 0.035185050535469074 35
1745006151946 0.1698446820988356 36
1745006151952 0.19460211095048913 37
1745006151958 0.12902067240611298 38
1745006151964 0.15371080286126182 39
1745006151970 0.1856637125175451 40
1745006151976 0.07701954572038505 41
1745006151982 0.18600336696216638 42
1745006151988 0.1754746143855911 43
1745006151994 0.0593020287295597 44
1745006152000 0.10030325893743992 45
1745006152005 0.06759903137030716 46
1745006152011 0.10852892694151534 47
1745006152017 0.07203812828225258 48
1745006152023 0.09145303232274571 49
