1745006151727 7.0 0
1745006151734 5.0 1
1745006151741 7.0 2
1745006151747 9.0 3
1745006151753 7.0 4
1745006151759 4.0 5
1745006151765 9.0 6
1745006151772 8.0 7
1745006151778 6.0 8
1745006151784 4.0 9
1745006151790 9.0 10
1745006151796 5.0 11
1745006151802 4.0 12
1745006151808 9.0 13
1745006151814 7.0 14
1745006151820 9.0 15
1745006151826 7.0 16
1745006151832 5.0 17
1745006151838 6.0 18
1745006151844 8.0 19
1745006151850 9.0 20
1745006151856 9.0 21
1745006151862 6.0 22
1745006151868 4.0 23
1745006151874 4.0 24
1745006151880 5.0 25
1745006151886 3.0 26
1745006151893 6.0 27
1745006151899 3.0 28
1745006151905 4.0 29
1745006151911 3.0 30
1745006151917 5.0 31
1745006151923 8.0 32
1745006151929 6.0 33
1745006151936 4.0 34
1745006151942 8.0 35
1745006151948 3.0 36
1745006151954 8.0 37
1745006151960 3.0 38
1745006151966 6.0 39
1745006151972 7.0 40
1745006151978 5.0 41
1745006151984 4.0 42
1745006151990 3.0 43
1745006151996 4.0 44
1745006152001 3.0 45
1745006152007 4.0 46
1745006152013 4.0 47
1745006152019 3.0 48
1745006152025 6.0 49
