1745006151726 0.08960785365368121 0
1745006151733 0.0271747096730583 1
1745006151740 0.017240892195821537 2
1745006151746 0.04816677553256256 3
1745006151752 0.061721159481070736 4
1745006151758 0.03172768832582949 5
1745006151764 0.04407984038169244 6
1745006151771 0.03573884768117847 7
1745006151777 0.032666477784779456 8
1745006151783 0.03203913722293047 9
1745006151789 0.015252697030515175 10
1745006151795 0.010166803740022877 11
1745006151801 0.16037816051594342 12
1745006151808 0.012097379927033842 13
1745006151813 0.041149615546913355 14
1745006151819 0.011287696216458833 15
1745006151825 0.08033176163139732 16
1745006151831 0.012593695017526326 17
1745006151837 0.01371674915054392 18
1745006151843 0.02907730652732417 19
1745006151849 0.13177599587339506 20
1745006151855 0.022413698592405107 21
1745006151861 0.1837882061421475 22
1745006151867 0.022237712023076485 23
1745006151873 0.020496381951116718 24
1745006151879 0.012740679849625696 25
1745006151885 0.04978046337881613 26
1745006151892 0.02655108744314321 27
1745006151898 0.016859937267680765 28
1745006151904 0.09047700675693512 29
1745006151910 0.11567262614299902 30
1745006151916 0.05325452673469644 31
1745006151923 0.13004797369462248 32
1745006151929 0.1475862683680447 33
1745006151935 0.016188853704122885 34
1745006151941 0.01055641828442685 35
1745006151947 0.0717090713664527 36
1745006151953 0.03246623523488654 37
1745006151959 0.0741805871386633 38
1745006151965 0.011395406314085046 39
1745006151971 0.036064541947720755 40
1745006151977 0.1280425574914764 41
1745006151983 0.012348479878768831 42
1745006151989 0.0919945695279057 43
1745006151995 0.03516798502719485 44
1745006152000 0.10929642914698294 45
1745006152006 0.030806665090604285 46
1745006152012 0.023593847283130732 47
1745006152018 0.014632196953182063 48
1745006152024 0.12459404270881234 49
