1745006151725 0.6091951646730942 0
1745006151726 0.6091951646730942 0
1745006151727 0.6091951646730942 0
1745006151728 0.6091951646730942 0
1745006151729 0.6091951646730942 0
1745006151730 0.6091951646730942 0
1745006151731 0.6091951646730942 0
1745006151732 0.6261042242416008 1
1745006151733 0.6261042242416008 1
1745006151734 0.6261042242416008 1
1745006151735 0.6261042242416008 1
1745006151736 0.6261042242416008 1
1745006151737 0.6261042242416008 1
1745006151738 0.6261042242416008 1
1745006151738 0.6193075143073161 2
1745006151739 0.6193075143073161 2
1745006151740 0.6193075143073161 2
1745006151741 0.6193075143073161 2
1745006151742 0.6193075143073161 2
1745006151743 0.6193075143073161 2
1745006151744 0.6193075143073161 2
1745006151745 0.610807966572733 3
1745006151745 0.610807966572733 3
1745006151746 0.610807966572733 3
1745006151747 0.610807966572733 3
1745006151748 0.610807966572733 3
1745006151749 0.610807966572733 3
1745006151750 0.610807966572733 3
1745006151751 0.6100049795452243 4
1745006151752 0.6100049795452243 4
1745006151753 0.6100049795452243 4
1745006151753 0.6100049795452243 4
1745006151754 0.6100049795452243 4
1745006151755 0.6100049795452243 4
1745006151756 0.6100049795452243 4
1745006151757 0.6265590147565381 5
1745006151758 0.6265590147565381 5
1745006151759 0.6265590147565381 5
1745006151760 0.6265590147565381 5
1745006151761 0.6265590147565381 5
1745006151761 0.6265590147565381 5
1745006151762 0.6265590147565381 5
1745006151763 0.6055192831022507 6
1745006151764 0.6055192831022507 6
1745006151765 0.6055192831022507 6
1745006151766 0.6055192831022507 6
1745006151767 0.6055192831022507 6
1745006151768 0.6055192831022507 6
1745006151769 0.6055192831022507 6
1745006151769 0.6180499661119001 7
1745006151770 0.6180499661119001 7
1745006151771 0.6180499661119001 7
1745006151772 0.6180499661119001 7
1745006151773 0.6180499661119001 7
1745006151774 0.6180499661119001 7
1745006151775 0.6180499661119001 7
1745006151776 0.6204638480585146 8
1745006151777 0.6204638480585146 8
1745006151777 0.6204638480585146 8
1745006151778 0.6204638480585146 8
1745006151779 0.6204638480585146 8
1745006151780 0.6204638480585146 8
1745006151781 0.6204638480585146 8
1745006151782 0.6265855059671566 9
1745006151783 0.6265855059671566 9
1745006151784 0.6265855059671566 9
1745006151784 0.6265855059671566 9
1745006151785 0.6265855059671566 9
1745006151786 0.6265855059671566 9
1745006151787 0.6265855059671566 9
1745006151788 0.6232292156683923 10
1745006151789 0.6232292156683923 10
1745006151789 0.6232292156683923 10
1745006151790 0.6232292156683923 10
1745006151791 0.6232292156683923 10
1745006151792 0.6232292156683923 10
1745006151793 0.6232292156683923 10
1745006151794 0.6270119752904459 11
1745006151795 0.6270119752904459 11
1745006151796 0.6270119752904459 11
1745006151796 0.6270119752904459 11
1745006151797 0.6270119752904459 11
1745006151798 0.6270119752904459 11
1745006151799 0.6270119752904459 11
1745006151800 0.6197528242610927 12
1745006151801 0.6197528242610927 12
1745006151802 0.6197528242610927 12
1745006151803 0.6197528242610927 12
1745006151803 0.6197528242610927 12
1745006151804 0.6197528242610927 12
1745006151805 0.6197528242610927 12
1745006151806 0.623352432049405 13
1745006151807 0.623352432049405 13
1745006151808 0.623352432049405 13
1745006151809 0.623352432049405 13
1745006151810 0.623352432049405 13
1745006151810 0.623352432049405 13
1745006151811 0.623352432049405 13
1745006151812 0.6231050670590099 14
1745006151813 0.6231050670590099 14
1745006151814 0.6231050670590099 14
1745006151815 0.6231050670590099 14
1745006151816 0.6231050670590099 14
1745006151816 0.6231050670590099 14
1745006151817 0.6231050670590099 14
1745006151818 0.6218184570539638 15
1745006151819 0.6218184570539638 15
1745006151820 0.6218184570539638 15
1745006151821 0.6218184570539638 15
1745006151821 0.6218184570539638 15
1745006151822 0.6218184570539638 15
1745006151823 0.6218184570539638 15
1745006151824 0.6056786718674 16
1745006151825 0.6056786718674 16
1745006151826 0.6056786718674 16
1745006151827 0.6056786718674 16
1745006151827 0.6056786718674 16
1745006151828 0.6056786718674 16
1745006151829 0.6056786718674 16
1745006151830 0.626315912308605 17
1745006151831 0.626315912308605 17
1745006151832 0.626315912308605 17
1745006151832 0.626315912308605 17
1745006151833 0.626315912308605 17
1745006151834 0.626315912308605 17
1745006151835 0.626315912308605 17
1745006151836 0.6252595897372363 18
1745006151837 0.6252595897372363 18
1745006151838 0.6252595897372363 18
1745006151839 0.6252595897372363 18
1745006151839 0.6252595897372363 18
1745006151840 0.6252595897372363 18
1745006151841 0.6252595897372363 18
1745006151842 0.6149638205119057 19
1745006151843 0.6149638205119057 19
1745006151844 0.6149638205119057 19
1745006151844 0.6149638205119057 19
1745006151845 0.6149638205119057 19
1745006151846 0.6149638205119057 19
1745006151847 0.6149638205119057 19
1745006151848 0.6022789190799716 20
1745006151849 0.6022789190799716 20
1745006151850 0.6022789190799716 20
1745006151851 0.6022789190799716 20
1745006151851 0.6022789190799716 20
1745006151852 0.6022789190799716 20
1745006151853 0.6022789190799716 20
1745006151854 0.6177029183771728 21
1745006151855 0.6177029183771728 21
1745006151856 0.6177029183771728 21
1745006151857 0.6177029183771728 21
1745006151857 0.6177029183771728 21
1745006151858 0.6177029183771728 21
1745006151859 0.6177029183771728 21
1745006151860 0.6035236278486397 22
1745006151861 0.6035236278486397 22
1745006151862 0.6035236278486397 22
1745006151863 0.6035236278486397 22
1745006151864 0.6035236278486397 22
1745006151864 0.6035236278486397 22
1745006151865 0.6035236278486397 22
1745006151866 0.6268161083480047 23
1745006151867 0.6268161083480047 23
1745006151868 0.6268161083480047 23
1745006151869 0.6268161083480047 23
1745006151870 0.6268161083480047 23
1745006151871 0.6268161083480047 23
1745006151871 0.6268161083480047 23
1745006151872 0.6277825401554341 24
1745006151873 0.6277825401554341 24
1745006151874 0.6277825401554341 24
1745006151875 0.6277825401554341 24
1745006151876 0.6277825401554341 24
1745006151876 0.6277825401554341 24
1745006151877 0.6277825401554341 24
1745006151878 0.6285647415217132 25
1745006151879 0.6285647415217132 25
1745006151880 0.6285647415217132 25
1745006151881 0.6285647415217132 25
1745006151882 0.6285647415217132 25
1745006151883 0.6285647415217132 25
1745006151883 0.6285647415217132 25
1745006151884 0.625692517825381 26
1745006151885 0.625692517825381 26
1745006151886 0.625692517825381 26
1745006151887 0.625692517825381 26
1745006151888 0.625692517825381 26
1745006151888 0.625692517825381 26
1745006151889 0.625692517825381 26
1745006151890 0.6233538406004004 27
1745006151891 0.6233538406004004 27
1745006151893 0.6233538406004004 27
1745006151893 0.6233538406004004 27
1745006151894 0.6233538406004004 27
1745006151895 0.6233538406004004 27
1745006151896 0.6233538406004004 27
1745006151897 0.6269759630633445 28
1745006151898 0.6269759630633445 28
1745006151899 0.6269759630633445 28
1745006151899 0.6269759630633445 28
1745006151900 0.6269759630633445 28
1745006151901 0.6269759630633445 28
1745006151902 0.6269759630633445 28
1745006151903 0.6154319769045486 29
1745006151904 0.6154319769045486 29
1745006151905 0.6154319769045486 29
1745006151905 0.6154319769045486 29
1745006151906 0.6154319769045486 29
1745006151907 0.6154319769045486 29
1745006151908 0.6154319769045486 29
1745006151909 0.6222680329895506 30
1745006151910 0.6222680329895506 30
1745006151911 0.6222680329895506 30
1745006151912 0.6222680329895506 30
1745006151912 0.6222680329895506 30
1745006151913 0.6222680329895506 30
1745006151914 0.6222680329895506 30
1745006151915 0.6276554148469964 31
1745006151916 0.6276554148469964 31
1745006151917 0.6276554148469964 31
1745006151918 0.6276554148469964 31
1745006151919 0.6276554148469964 31
1745006151919 0.6276554148469964 31
1745006151920 0.6276554148469964 31
1745006151921 0.6018237933311885 32
1745006151922 0.6018237933311885 32
1745006151923 0.6018237933311885 32
1745006151924 0.6018237933311885 32
1745006151925 0.6018237933311885 32
1745006151926 0.6018237933311885 32
1745006151926 0.6018237933311885 32
1745006151927 0.6020392292394187 33
1745006151928 0.6020392292394187 33
1745006151929 0.6020392292394187 33
1745006151930 0.6020392292394187 33
1745006151931 0.6020392292394187 33
1745006151932 0.6020392292394187 33
1745006151932 0.6020392292394187 33
1745006151933 0.6294860471895748 34
1745006151934 0.6294860471895748 34
1745006151935 0.6294860471895748 34
1745006151936 0.6294860471895748 34
1745006151937 0.6294860471895748 34
1745006151938 0.6294860471895748 34
1745006151939 0.6294860471895748 34
1745006151939 0.6225053073008235 35
1745006151940 0.6225053073008235 35
1745006151941 0.6225053073008235 35
1745006151942 0.6225053073008235 35
1745006151943 0.6225053073008235 35
1745006151944 0.6225053073008235 35
1745006151945 0.6225053073008235 35
1745006151946 0.6216852272531042 36
1745006151946 0.6216852272531042 36
1745006151947 0.6216852272531042 36
1745006151948 0.6216852272531042 36
1745006151949 0.6216852272531042 36
1745006151950 0.6216852272531042 36
1745006151951 0.6216852272531042 36
1745006151951 0.6223403673161648 37
1745006151952 0.6223403673161648 37
1745006151953 0.6223403673161648 37
1745006151954 0.6223403673161648 37
1745006151955 0.6223403673161648 37
1745006151956 0.6223403673161648 37
1745006151957 0.6223403673161648 37
1745006151958 0.6258169368712544 38
1745006151958 0.6258169368712544 38
1745006151959 0.6258169368712544 38
1745006151960 0.6258169368712544 38
1745006151961 0.6258169368712544 38
1745006151962 0.6258169368712544 38
1745006151963 0.6258169368712544 38
1745006151964 0.6267793367095005 39
1745006151964 0.6267793367095005 39
1745006151965 0.6267793367095005 39
1745006151966 0.6267793367095005 39
1745006151967 0.6267793367095005 39
1745006151968 0.6267793367095005 39
1745006151969 0.6267793367095005 39
1745006151969 0.618103525966782 40
1745006151970 0.618103525966782 40
1745006151971 0.618103525966782 40
1745006151972 0.618103525966782 40
1745006151973 0.618103525966782 40
1745006151974 0.618103525966782 40
1745006151975 0.618103525966782 40
1745006151976 0.6176561347733445 41
1745006151977 0.6176561347733445 41
1745006151978 0.6176561347733445 41
1745006151978 0.6176561347733445 41
1745006151979 0.6176561347733445 41
1745006151980 0.6176561347733445 41
1745006151981 0.6176561347733445 41
1745006151982 0.6280750569037649 42
1745006151983 0.6280750569037649 42
1745006151983 0.6280750569037649 42
1745006151984 0.6280750569037649 42
1745006151985 0.6280750569037649 42
1745006151986 0.6280750569037649 42
1745006151987 0.6280750569037649 42
1745006151988 0.6266784812558728 43
1745006151988 0.6266784812558728 43
1745006151989 0.6266784812558728 43
1745006151990 0.6266784812558728 43
1745006151991 0.6266784812558728 43
1745006151992 0.6266784812558728 43
1745006151993 0.6266784812558728 43
1745006151994 0.6267227798146809 44
1745006151994 0.6267227798146809 44
1745006151995 0.6267227798146809 44
1745006151996 0.6267227798146809 44
1745006151997 0.6267227798146809 44
1745006151998 0.6267227798146809 44
1745006151998 0.6267227798146809 44
1745006151999 0.6177629926478957 45
1745006152000 0.6177629926478957 45
1745006152001 0.6177629926478957 45
1745006152002 0.6177629926478957 45
1745006152003 0.6177629926478957 45
1745006152003 0.6177629926478957 45
1745006152004 0.6177629926478957 45
1745006152005 0.6253715965486307 46
1745006152006 0.6253715965486307 46
1745006152007 0.6253715965486307 46
1745006152007 0.6253715965486307 46
1745006152008 0.6253715965486307 46
1745006152009 0.6253715965486307 46
1745006152010 0.6253715965486307 46
1745006152011 0.627707376700029 47
1745006152012 0.627707376700029 47
1745006152013 0.627707376700029 47
1745006152013 0.627707376700029 47
1745006152014 0.627707376700029 47
1745006152015 0.627707376700029 47
1745006152016 0.627707376700029 47
1745006152017 0.625647428385748 48
1745006152018 0.625647428385748 48
1745006152019 0.625647428385748 48
1745006152019 0.625647428385748 48
1745006152020 0.625647428385748 48
1745006152021 0.625647428385748 48
1745006152022 0.625647428385748 48
1745006152023 0.6081112786516868 49
1745006152024 0.6081112786516868 49
1745006152025 0.6081112786516868 49
1745006152026 0.6081112786516868 49
1745006152026 0.6081112786516868 49
1745006152027 0.6081112786516868 49
1745006152028 0.6081112786516868 49
